10 0
1010 0.001
2010 0.002
3010 0.003
4010 0.004
5010 0.005
6010 0.006
7010 0.007
8010 0.01
9010 0.011
10010 0.012
11010 0.013
12010 0.014
13010 0.016
14010 0.015
15010 0.017
16010 0.017
17010 0.012
18010 0.009
19010 0.008
20010 0.008
21010 0.008
22010 0.009
23010 0.009
24010 0.009
25010 0.01
26010 0.011
27010 0.011
28010 0.012
29010 0.012
30010 0.012
31010 0.012
32010 0.013
33010 0.014
34010 0.014
35010 0.014
36010 0.014
37010 0.016
38010 0.016
39010 0.017
40010 0.016
41010 0.017
42010 0.017
43010 0.018
44010 0.018
45010 0.019
46010 0.018
47010 0.019
48010 0.02
49010 0.02
50010 0.019
51010 0.02
52010 0.019
53010 0.021
54010 0.021
55010 0.021
56010 0.021
57010 0.022
58010 0.022
59010 0.023
60010 0.023
61010 0.023
62010 0.024
63010 0.025
64010 0.024
65010 0.024
66010 0.025
67010 0.025
68010 0.026
69010 0.061
70010 0.051
71010 0.057
72010 0.039
73010 0.037
74010 0.034
75010 0.027
76010 0.028
77010 0.029
78010 0.028
79010 0.027
80010 0.032
81010 0.049
82010 0.046
83010 0.03
84010 0.03
85010 0.03
86010 0.03
87010 0.035
88010 0.044
89010 0.043
90010 0.032
91010 0.032
92010 0.032
93010 0.033
94010 0.032
95010 0.032
96010 0.035
97010 0.054
98010 0.082
99010 0.069
