10 0
1010 0
2010 0
3010 0
4010 0
5010 0
6010 0
7010 0
8010 0.001
9010 0
10010 0
11010 0
12010 0
13010 0
14010 0
15010 0
16010 0
17010 0.001
18010 0.002
19010 0.001
20010 0.004
21010 0.001
22010 0.004
23010 0.004
24010 0
25010 0
26010 0
27010 0.016
28010 0
29010 0.006
30010 0
31010 0.012
32010 0
33010 0.008
34010 0
35010 0
36010 0.001
37010 0.016
38010 0
39010 0.015
40010 0
41010 0
42010 0.024
43010 0.007
44010 0.01
45010 0.014
46010 0.008
47010 0.006
48010 0.006
49010 0.006
50010 0.006
51010 0.006
52010 0.007
53010 0.007
54010 0.007
55010 0.012
56010 0.014
57010 0.019
58010 0.019
59010 0.017
60010 0.01
61010 0.017
62010 0.015
63010 0.017
64010 0.015
65010 0.018
66010 0.033
67010 0.017
68010 0.019
69010 0.018
70010 0.019
71010 0.02
72010 0.021
73010 0.023
74010 0.023
75010 0.016
76010 0.022
77010 0.017
78010 0.017
79010 0.02
80010 0.013
81010 0.016
82010 0.033
83010 0.016
84010 0.016
85010 0.029
86010 0.032
87010 0.026
88010 0.016
89010 0.032
90010 0.02
91010 0.017
92010 0.017
93010 0.021
94010 0.031
95010 0.033
96010 0.031
97010 0.02
98010 0.036
99010 0.041
